% cm1    RALfore    TotalErr    / RAL (400K), 100 points smoothed;   Burch T-definition /
%    / Ptashnik et al., Phil. Trans. R. Soc. (A), 370, 2557-2577 (2012) /
1800    8.07E-23   1.3E-23
1810    6.79E-23   1.1E-23 
1820    5.64E-23   9.6E-24 
1830    4.90E-23   8.1E-24 
1840    4.38E-23   7.4E-24 
1850    3.58E-23   6.1E-24 
1860    3.14E-23   5.3E-24 
1870    2.58E-23   4.4E-24 
1880    2.17E-23   3.6E-24 
1890    1.92E-23   3.3E-24 
1900    1.66E-23   2.8E-24 
1910    1.49E-23   2.5E-24 
1920    1.27E-23   2.1E-24 
1930    1.04E-23   1.8E-24 
1940    9.40E-24   1.6E-24 
1950    8.51E-24   1.4E-24 
1960    7.55E-24   1.3E-24 
1970    7.04E-24   1.2E-24 
1980    6.34E-24   1.2E-24 
1990    5.55E-24   1.0E-24 
2000    4.92E-24   1.1E-24 
2010    4.44E-24   1.2E-24 
2020    3.72E-24   1.1E-24 
2030    3.09E-24   9.6E-25 
2040    2.69E-24   8.9E-25 
2050    2.40E-24   8.1E-25 
2060    1.96E-24   7.0E-25 
2070    1.72E-24   6.2E-25 
2080    1.41E-24   5.2E-25 
2090    1.18E-24   4.4E-25 
2100    1.04E-24   3.8E-25 
2110    9.03E-25   3.5E-25 
2120    8.14E-25   3.3E-25 
2130    7.55E-25   3.2E-25 
2140    6.82E-25   2.8E-25 
2150    6.16E-25   2.4E-25 
2160    5.55E-25   2.1E-25 
2170    5.14E-25   2.0E-25 
2180    4.57E-25   1.8E-25 
2190    4.37E-25   1.6E-25 
2200    4.22E-25   1.6E-25 
2210    4.18E-25   1.6E-25 
2220    4.04E-25   1.6E-25 
2230    3.87E-25   1.5E-25 
2240    3.93E-25   1.5E-25 
2250    3.75E-25   1.3E-25 
2260    3.77E-25   1.3E-25 
2270    3.77E-25   1.3E-25 
2280    3.67E-25   1.3E-25 
2290    3.57E-25   1.2E-25 
2300    3.66E-25   1.3E-25 
2310    3.56E-25   1.2E-25 
2320    3.46E-25   1.1E-25 
2330    3.37E-25   1.1E-25 
2340    3.27E-25   1.0E-25 
2350    3.18E-25   1.0E-25 
2360    3.09E-25   9.6E-26 
2370    3.01E-25   8.9E-26 
2380    2.93E-25   8.9E-26 
2390    2.85E-25   8.9E-26 
2400    2.80E-25   8.1E-26 
2410    2.81E-25   8.9E-26 
2420    2.80E-25   9.6E-26 
2430    2.74E-25   9.6E-26 
2440    2.65E-25   8.9E-26 
2450    2.55E-25   8.9E-26 
2460    2.49E-25   8.9E-26 
2470    2.40E-25   8.1E-26 
2480    2.27E-25   7.1E-26 
2490    2.06E-25   6.2E-26 
2500    1.97E-25   6.1E-26 
2510    1.81E-25   5.8E-26 
2520    1.67E-25   5.5E-26 
2530    1.56E-25   5.5E-26 
2540    1.42E-25   5.4E-26 
2550    1.38E-25   5.5E-26 
2560    1.28E-25   5.1E-26 
2570    1.21E-25   4.7E-26 
2580    1.19E-25   4.7E-26 
2590    1.15E-25   4.4E-26 
2600    1.13E-25   4.3E-26 
2610    1.14E-25   4.3E-26 
2620    1.07E-25   4.1E-26 
2630    1.07E-25   4.2E-26 
2640    1.05E-25   4.2E-26 
2650    1.02E-25   4.2E-26 
2660    1.04E-25   4.4E-26 
2670    1.02E-25   4.4E-26 
2680    1.01E-25   4.5E-26 
2690    9.62E-26   4.4E-26 
2700    9.62E-26   4.5E-26 
2710    1.02E-25   4.5E-26 
2720    1.02E-25   4.3E-26 
2730    1.02E-25   4.1E-26 
2740    9.69E-26   3.8E-26 
2750    1.03E-25   4.1E-26 
2760    1.06E-25   4.2E-26 
2770    1.03E-25   4.2E-26 
2780    1.07E-25   4.6E-26 
2790    1.07E-25   4.7E-26 
2800    1.12E-25   4.7E-26 
2810    1.10E-25   4.4E-26 
2820    1.15E-25   4.5E-26 
2830    1.12E-25   4.4E-26 
2840    1.12E-25   4.5E-26 
2850    1.13E-25   4.7E-26 
2860    1.24E-25   5.0E-26 
2870    1.32E-25   5.3E-26 
2880    1.35E-25   5.3E-26 
2890    1.66E-25   6.1E-26 
2900    2.01E-25   7.0E-26 
2910    2.19E-25   7.1E-26 
2920    2.74E-25   8.1E-26 
2930    3.21E-25   9.6E-26 
2940    3.57E-25   9.6E-26 
2950    4.30E-25   1.2E-25 
2960    5.31E-25   1.6E-25 
2970    6.36E-25   1.9E-25 
2980    7.62E-25   2.1E-25 
2990    8.66E-25   2.1E-25 
3000    9.84E-25   2.1E-25 
3010    1.23E-24   2.7E-25 
3020    1.53E-24   3.3E-25 
3030    1.75E-24   3.8E-25 
3040    1.98E-24   4.4E-25 
3050    2.25E-24   5.1E-25 
3060    2.38E-24   5.5E-25 
3070    2.46E-24   6.1E-25 
3080    2.64E-24   7.0E-25 
3090    2.83E-24   8.1E-25 
3100    2.86E-24   8.9E-25 
3110    2.90E-24   8.9E-25 
3120    2.69E-24   8.9E-25 
3130    2.39E-24   7.4E-25 
3140    2.49E-24   7.3E-25 
3150    2.12E-24   5.9E-25 
3160    2.08E-24   5.7E-25 
3170    2.19E-24   6.0E-25 
3180    2.38E-24   6.4E-25 
3190    2.58E-24   6.8E-25 
3200    2.85E-24   7.3E-25 
3210    2.99E-24   7.4E-25 
3220    3.13E-24   7.4E-25 
3230    3.29E-24   8.1E-25 
3240    3.45E-24   8.1E-25 
3250    3.44E-24   8.1E-25 
3260    3.41E-24   8.9E-25 
3270    3.34E-24   8.9E-25 
3280    3.27E-24   8.9E-25 
3290    3.20E-24   8.9E-25 
3300    3.13E-24   8.9E-25 
3310    3.11E-24   8.9E-25 
3320    3.37E-24   9.6E-25 
3330    3.49E-24   9.6E-25 
3340    3.77E-24   1.1E-24 
3350    4.24E-24   1.3E-24 
3360    4.83E-24   1.5E-24 
3370    4.98E-24   1.4E-24 
3380    5.43E-24   1.4E-24 
3390    6.11E-24   1.4E-24 
3400    6.22E-24   1.4E-24 
3410    6.90E-24   1.6E-24 
3420    7.84E-24   1.8E-24 
3430    9.10E-24   2.1E-24 
3440    1.02E-23   2.4E-24 
3450    1.13E-23   2.6E-24 
3460    1.31E-23   3.0E-24 
3470    1.43E-23   3.3E-24 
3480    1.75E-23   4.0E-24 
3490    1.97E-23   4.5E-24 
3500    2.15E-23   4.9E-24 
3510    2.36E-23   5.4E-24 
3520    2.61E-23   6.0E-24 
3530    2.89E-23   6.6E-24 
3540    3.14E-23   7.2E-24 
3550    3.49E-23   8.1E-24 
3560    3.89E-23   8.9E-24 
3570    4.37E-23   9.6E-24 
3580    5.08E-23   1.2E-23 
3940    2.26E-23   5.0E-24 
3950    1.92E-23   4.3E-24 
3960    1.52E-23   3.4E-24 
3970    1.21E-23   2.7E-24 
3980    9.62E-24   2.1E-24 
3990    8.14E-24   1.8E-24 
4000    7.16E-24   1.6E-24 
4010    6.25E-24   1.4E-24 
4020    5.34E-24   1.2E-24 
4030    4.54E-24   1.0E-24 
4040    3.86E-24   8.9E-25 
4050    3.40E-24   7.4E-25 
4060    3.01E-24   7.1E-25 
4070    2.59E-24   6.4E-25 
4080    2.35E-24   6.0E-25 
4090    2.22E-24   5.8E-25 
4100    1.98E-24   5.3E-25 
4110    1.85E-24   5.0E-25 
4120    1.78E-24   4.8E-25 
4130    1.61E-24   4.4E-25 
4140    1.32E-24   3.6E-25 
4150    1.26E-24   3.4E-25 
4160    1.12E-24   3.0E-25 
4170    1.03E-24   2.8E-25 
4180    9.55E-25   2.6E-25 
4190    9.03E-25   2.4E-25 
4200    8.29E-25   2.2E-25 
4210    7.70E-25   2.2E-25 
4220    7.06E-25   2.1E-25 
4230    6.89E-25   2.2E-25 
4240    6.53E-25   2.1E-25 
4250    6.12E-25   2.0E-25 
4260    5.75E-25   1.8E-25 
4270    4.95E-25   1.7E-25 
4280    4.40E-25   1.6E-25 
4290    4.19E-25   1.5E-25 
4300    3.92E-25   1.4E-25 
4310    3.64E-25   1.3E-25 
4320    3.47E-25   1.3E-25 
4330    3.18E-25   1.3E-25 
4340    3.13E-25   1.3E-25 
4350    3.23E-25   1.3E-25 
4360    2.91E-25   1.2E-25 
4370    2.58E-25   1.1E-25 
4380    2.49E-25   1.1E-25 
4390    2.41E-25   1.1E-25 
4400    2.38E-25   1.2E-25 
4410    2.32E-25   1.2E-25 
4420    2.11E-25   1.0E-25 
4430    1.97E-25   1.0E-25 
4440    1.92E-25   9.6E-26 
4450    1.84E-25   9.6E-26 
4460    1.74E-25   9.6E-26 
4470    1.66E-25   8.9E-26 
4480    1.58E-25   8.9E-26 
4490    1.49E-25   8.1E-26 
4500    1.48E-25   8.1E-26 
4510    1.44E-25   8.1E-26 
4520    1.37E-25   7.4E-26 
4530    1.31E-25   7.2E-26 
4540    1.20E-25   6.6E-26 
4550    1.17E-25   6.4E-26 
4560    1.19E-25   6.6E-26 
4570    1.08E-25   6.0E-26 
4580    9.99E-26   5.6E-26 
4590    1.07E-25   6.0E-26 
4600    1.07E-25   6.3E-26 
4610    1.01E-25   6.2E-26 
4620    9.47E-26   6.1E-26 
4630    9.10E-26   6.1E-26 
4640    8.88E-26   6.4E-26 
4650    8.66E-26   6.5E-26 
4660    9.03E-26   6.7E-26 
4670    8.95E-26   6.6E-26 
4680    8.73E-26   6.4E-26 
4690    8.29E-26   6.2E-26 
4700    7.99E-26   6.2E-26 
4710    7.70E-26   6.1E-26 
4720    7.23E-26   5.9E-26 
4730    6.83E-26   5.6E-26 
4740    7.23E-26   6.1E-26 
4750    6.86E-26   5.9E-26 
4760    5.88E-26   5.2E-26 
4770    5.67E-26   5.1E-26 
4780    6.19E-26   5.6E-26 
4790    6.22E-26   5.7E-26 
4800    5.16E-26   4.8E-26 
4810    5.62E-26   4.9E-26 
4820    6.28E-26   5.1E-26 
4830    5.59E-26   4.2E-26 
4840    4.85E-26   3.8E-26 
4850    4.88E-26   3.8E-26 
4860    4.94E-26   3.9E-26 
4870    5.01E-26   4.1E-26 
4880    5.06E-26   4.4E-26 
4890    6.03E-26   5.4E-26 
4900    6.65E-26   6.0E-26 
4910    7.16E-26   6.4E-26 
4920    6.56E-26   5.9E-26 
4930    6.19E-26   5.0E-26 
4940    6.88E-26   4.8E-26 
4950    8.07E-26   4.8E-26 
4960    8.51E-26   4.7E-26 
4970    1.10E-25   5.4E-26 
4980    1.41E-25   6.2E-26 
4990    1.52E-25   6.1E-26 
5000    1.69E-25   6.1E-26 
5010    1.92E-25   6.1E-26 
5020    2.06E-25   6.0E-26 
5030    2.58E-25   6.7E-26 
5040    3.23E-25   7.4E-26 
5050    4.01E-25   8.9E-26 
5060    5.22E-25   1.0E-25 
5070    6.47E-25   1.2E-25 
5080    7.84E-25   1.6E-25 
5090    9.84E-25   2.1E-25 
5100    1.30E-24   2.9E-25 
5110    1.64E-24   3.3E-25 
5120    2.03E-24   3.7E-25 
5130    2.60E-24   4.2E-25 
5140    3.17E-24   5.2E-25 
5150    4.08E-24   6.7E-25 
5160    5.34E-24   8.9E-25 
5170    6.59E-24   1.1E-24 
5180    7.70E-24   1.3E-24 
5190    9.92E-24   1.6E-24 
5200    1.30E-23   2.1E-24 
5210    1.60E-23   2.7E-24 
5500    1.08E-23   1.9E-24 
5510    9.84E-24   1.8E-24 
5520    7.16E-24   1.3E-24 
5530    5.71E-24   1.0E-24 
5540    4.25E-24   7.4E-25 
5550    3.16E-24   5.7E-25 
5560    2.35E-24   6.0E-25 
5570    2.17E-24   7.2E-25 
5580    1.72E-24   7.0E-25 
5590    1.32E-24   4.5E-25 
5600    1.02E-24   2.8E-25 
5610    7.84E-25   1.6E-25 
5620    6.25E-25   1.3E-25 
5630    5.41E-25   1.2E-25 
5640    4.36E-25   9.6E-26 
5650    3.51E-25   8.1E-26 
5660    2.84E-25   7.3E-26 
5670    2.79E-25   7.4E-26 
5680    2.35E-25   7.0E-26 
5690    2.00E-25   6.6E-26 
5700    1.70E-25   6.1E-26 
5710    1.48E-25   5.6E-26 
5720    1.41E-25   5.7E-26 
5730    1.24E-25   5.3E-26 
5740    1.11E-25   4.9E-26 
5750    9.99E-26   4.5E-26 
5760    8.66E-26   4.1E-26 
5770    8.21E-26   4.1E-26 
5780    7.70E-26   4.0E-26 
5790    6.98E-26   3.8E-26 
5800    6.59E-26   3.6E-26 
5810    6.23E-26   3.3E-26 
5820    5.89E-26   3.1E-26 
5830    5.58E-26   3.1E-26 
5840    5.28E-26   3.1E-26 
5850    4.99E-26   3.1E-26 
5860    4.74E-26   2.9E-26 
5870    4.51E-26   2.6E-26 
5880    4.33E-26   2.4E-26 
5890    4.16E-26   2.4E-26 
5900    4.00E-26   2.5E-26 
5910    3.86E-26   2.6E-26 
5920    3.71E-26   2.6E-26 
5930    3.26E-26   2.4E-26 
5940    3.19E-26   2.4E-26 
5950    3.12E-26   2.4E-26 
5960    3.05E-26   2.3E-26 
5970    2.98E-26   2.2E-26 
5980    2.92E-26   2.2E-26 
5990    2.86E-26   2.2E-26 
6000    2.80E-26   2.1E-26 
6010    2.74E-26   2.2E-26 
6020    2.68E-26   2.3E-26 
6030    2.63E-26   2.4E-26 
6040    2.58E-26   2.3E-26 
6050    2.52E-26   2.2E-26 
6060    2.47E-26   2.2E-26 
6070    2.43E-26   2.2E-26 
6080    2.38E-26   2.1E-26 
6090    2.35E-26   2.1E-26 
6100    2.31E-26   2.1E-26 
6110    2.27E-26   2.1E-26 
6580    2.49E-26   2.1E-26 
6590    2.80E-26   2.1E-26 
6600    3.17E-26   2.1E-26 
6610    3.84E-26   2.4E-26 
6620    4.73E-26   2.8E-26 
6630    5.92E-26   3.3E-26 
6640    7.47E-26   3.3E-26 
6650    9.62E-26   3.4E-26 
6660    1.15E-25   3.0E-26 
6670    1.38E-25   3.4E-26 
6680    1.66E-25   4.0E-26 
6690    2.13E-25   4.9E-26 
6700    2.75E-25   6.0E-26 
6710    3.57E-25   7.3E-26 
6720    4.63E-25   8.9E-26 
6730    5.15E-25   9.6E-26 
6740    6.49E-25   1.2E-25 
6750    9.18E-25   1.7E-25 
6760    1.24E-24   2.1E-25 
6770    1.10E-24   1.6E-25 
6780    1.10E-24   1.5E-25 
6790    1.44E-24   2.1E-25 
6800    1.32E-24   2.1E-25 
6810    1.23E-24   2.1E-25 
6820    1.04E-24   1.9E-25 
6830    8.21E-25   1.6E-25 
6840    7.70E-25   1.5E-25 
6850    8.44E-25   1.6E-25 
6860    6.75E-25   1.3E-25 
6870    8.14E-25   1.6E-25 
6880    1.24E-24   2.3E-25 
6890    1.40E-24   2.4E-25 
6900    1.56E-24   2.5E-25 
6910    1.82E-24   3.0E-25 
6920    2.01E-24   3.4E-25 
6930    1.86E-24   3.3E-25 
6940    1.54E-24   2.6E-25 
6950    1.72E-24   2.7E-25 
6960    1.99E-24   3.1E-25 
6970    2.81E-24   4.4E-25 
6980    2.93E-24   4.6E-25 
6990    3.06E-24   4.8E-25 
7000    3.12E-24   4.9E-25 
7010    3.54E-24   5.5E-25 
7020    3.95E-24   6.2E-25 
7030    4.44E-24   7.0E-25 
7040    4.91E-24   7.4E-25 
7050    5.52E-24   8.9E-25 
7060    6.13E-24   9.6E-25 
7070    6.84E-24   1.0E-24 
7080    7.62E-24   1.2E-24 
7090    8.58E-24   1.3E-24 
7100    9.55E-24   1.4E-24 
7110    1.05E-23   1.6E-24 
7430    2.10E-24   2.5E-25 
7440    1.47E-24   1.7E-25 
7450    1.17E-24   1.4E-25 
7460    9.32E-25   1.1E-25 
7470    7.47E-25   8.9E-26 
7480    6.21E-25   1.1E-25 
7490    5.55E-25   1.3E-25 
7500    4.08E-25   1.2E-25 
7510    3.62E-25   1.1E-25 
7520    3.21E-25   1.0E-25 
7530    2.85E-25   9.6E-26 
7540    2.52E-25   8.1E-26 
7550    2.24E-25   6.6E-26 
7560    1.98E-25   5.5E-26 
7570    1.76E-25   4.8E-26 
7580    1.52E-25   4.1E-26 
7590    1.28E-25   3.5E-26 
7600    1.07E-25   3.4E-26 
7610    9.40E-26   3.3E-26 
7620    8.29E-26   3.3E-26 
7630    7.24E-26   3.2E-26 
7640    6.36E-26   3.0E-26 
7650    5.59E-26   2.9E-26 
7660    4.91E-26   2.5E-26 
7670    4.34E-26   2.2E-26 
7680    3.83E-26   1.9E-26 
7690    3.39E-26   1.8E-26 
7700    3.05E-26   1.8E-26 
7710    2.82E-26   1.8E-26 
7720    2.61E-26   1.8E-26 
7730    2.42E-26   1.8E-26 
7740    2.25E-26   1.8E-26 
7750    2.09E-26   1.8E-26 
7760    1.95E-26   1.8E-26 
8210    1.60E-26   1.4E-26 
8220    1.74E-26   1.5E-26 
8230    1.90E-26   1.6E-26 
8240    2.09E-26   1.7E-26 
8250    2.29E-26   1.8E-26 
8260    2.52E-26   2.0E-26 
8270    2.77E-26   2.1E-26 
8280    3.07E-26   2.2E-26 
8290    3.40E-26   2.6E-26 
8300    3.76E-26   3.0E-26 
8310    4.20E-26   3.5E-26 
8440    6.39E-26   5.4E-26 
8450    6.34E-26   5.6E-26 
8460    6.22E-26   5.7E-26 
8470    5.95E-26   5.6E-26 
8480    5.77E-26   5.6E-26 
8500    6.27E-26   6.1E-26 
8510    6.96E-26   6.6E-26 
8520    7.70E-26   7.1E-26 
8530    8.58E-26   6.4E-26 
8540    9.55E-26   5.3E-26 
8550    1.07E-25   4.0E-26 
8560    1.19E-25   4.6E-26 
8570    1.47E-25   1.1E-25 
8580    1.76E-25   1.1E-25 
8590    2.38E-25   1.1E-25 
8600    2.99E-25   1.1E-25 
8610    3.25E-25   1.8E-25 
8620    3.73E-25   2.1E-25 
8630    4.64E-25   1.9E-25 
8640    6.17E-25   2.1E-25 
8650    7.55E-25   2.7E-25 
8660    8.36E-25   2.4E-25 
8670    8.88E-25   3.0E-25 
8680    9.32E-25   4.6E-25 
8690    1.04E-24   3.6E-25 
8700    1.18E-24   3.7E-25 
8710    1.24E-24   3.8E-25 
8720    1.21E-24   5.3E-25 
8730    1.18E-24   5.1E-25 
8740    1.18E-24   4.4E-25 
8750    1.11E-24   3.3E-25 
8760    9.47E-25   3.8E-25 
8770    8.95E-25   3.3E-25 
8780    9.47E-25   3.5E-25 
8790    9.55E-25   3.4E-25 
8800    1.03E-24   4.0E-25 
8810    1.07E-24   4.6E-25 
8820    1.07E-24   4.0E-25 
8830    1.10E-24   3.8E-25 
8840    1.18E-24   4.2E-25 
8850    1.27E-24   5.1E-25 
8860    1.39E-24   4.8E-25 
8870    1.49E-24   4.9E-25 
8880    1.54E-24   6.4E-25 
8890    1.52E-24   5.8E-25 
8900    1.44E-24   5.6E-25 
8910    1.36E-24   5.6E-25 
8920    1.28E-24   4.1E-25 
8930    1.11E-24   4.1E-25 
8940    9.99E-25   3.4E-25 
8950    8.21E-25   2.7E-25 
8960    7.47E-25   1.7E-25 
8970    6.66E-25   1.4E-25 
